[[-1.3637497e-03  2.4128854e-03 -1.7724682e-03  3.2836653e-03
  -7.0578128e-04  4.3554255e-03 -6.8724749e-04  7.5969957e-03
  -2.8017315e-03  2.9117088e-03 -6.5974598e-03 -7.7518835e-03
   2.3144248e-03  3.7480812e-03 -4.8502400e-03  3.0135681e-04
  -3.4005155e-03 -6.9968575e-03  3.2928027e-03 -7.0478031e-03
   2.0102526e-03 -1.3039427e-04  2.9759114e-03  6.7423508e-03
   7.6435590e-03 -6.1257365e-03 -7.0076636e-03  6.2387418e-03
   2.0722612e-03 -5.0592450e-03  4.5483061e-03 -4.5541660e-03
   2.2222169e-04 -5.9215310e-03  5.8430787e-03 -6.5056370e-03
   2.4958554e-04  5.8056396e-03 -2.1261997e-03  6.9805216e-03
   4.4379849e-03  3.0617353e-03  4.8864940e-03  5.9278291e-03
   5.6801788e-03 -3.1640364e-03 -4.0184446e-03  7.7493656e-03
   9.0772205e-04  4.2041703e-03 -4.2801090e-03  5.3745206e-03
   6.4367056e-03  3.3760020e-03  2.6730539e-03  5.6287027e-03
  -5.2515701e-03  7.1799563e-04  3.9217821e-03 -6.7322882e-04
  -3.4452633e-03  2.9562816e-03  4.5274673e-03 -4.9877525e-03]
 [ 6.8901456e-03  2.2756681e-03  6.0999799e-03  3.9882422e-03
  -2.5630422e-04  3.9248299e-03 -4.8285769e-03 -1.3028233e-03
   1.8073441e-03 -1.4880783e-04 -2.1594719e-03 -3.8834822e-03
   7.7171046e-03 -1.4843454e-03  1.8539221e-03 -6.0120770e-03
   3.7547878e-03 -1.1261934e-03 -7.2401953e-03  7.1808943e-03
   7.2002402e-03  5.1913029e-03  4.0847789e-03  2.5864725e-03
  -4.6820631e-03  7.5640869e-03  7.1792589e-03 -4.4344207e-03
  -4.6068588e-03  1.7879491e-03 -9.0094301e-04  6.6458615e-03
   1.3961259e-03  7.1785897e-03  4.5823124e-03 -6.6442657e-03
  -1.7958201e-03  7.4831340e-03 -2.6045784e-03 -2.5924310e-04
  -7.2556147e-03  3.9012637e-03  3.8229397e-03 -7.1895784e-03
  -2.1456135e-03  2.6512376e-03  7.0405460e-04 -3.2102528e-03
  -1.4881979e-03 -4.6046153e-03 -3.6546239e-03 -6.7889336e-03
   4.7894502e-03  6.3143885e-03  6.7848717e-03  6.3615246e-04
   5.8521926e-03  4.1397042e-03 -6.3086669e-03  1.0796224e-03
   5.1424042e-03 -7.1714246e-03  1.8727161e-04  5.2534663e-03]
 [ 6.7426683e-03  6.5878493e-04 -1.2810060e-03  3.5011999e-03
  -3.7102445e-03 -8.1866060e-04 -2.0008392e-03 -4.0180404e-03
  -4.7401376e-03 -4.2569842e-03  6.3252482e-03 -3.2774271e-03
   1.1342291e-03  5.0430805e-03 -4.7364319e-03  2.8003785e-03
  -2.0087904e-03 -3.2627878e-03 -2.9407821e-03 -3.5189250e-03
   8.7687519e-04 -5.1731267e-03  7.2684386e-03  7.0021828e-03
  -7.6533020e-03 -1.5010590e-03  5.3343708e-03 -5.8017513e-03
   6.9204750e-03  2.8286816e-03 -1.4851968e-03 -4.2360062e-03
   6.8834126e-03 -3.1237560e-03  7.4945751e-04  2.9886477e-03
   6.5982901e-03 -2.8575910e-03 -2.5734308e-03  5.8171512e-03
  -7.4250177e-03 -5.4474124e-03  3.7588265e-03 -3.1752205e-03
   2.1159304e-03 -6.2986179e-03  6.9618844e-03 -6.1378912e-03
   1.0730076e-03  4.4536652e-04 -2.3217225e-03 -5.7495516e-03
   6.4113750e-03  7.7405747e-04  6.2725679e-03 -4.8330626e-03
   1.8244144e-03 -4.1302829e-03  2.0394116e-03 -5.5135968e-03
   7.0502451e-03  4.9186335e-03 -7.1373759e-03  5.9654498e-03]
 [-6.8940409e-03  3.6565159e-03 -3.9940272e-03  4.0000407e-03
   1.2665022e-03 -6.1756209e-03  3.6069928e-03 -5.1181754e-03
  -1.1050687e-03  1.0813425e-03  1.3024862e-03  3.3240505e-03
   3.7655103e-04 -2.9111628e-03  4.5328201e-03  7.3629650e-03
   6.6647567e-03 -1.3123695e-03 -7.0235166e-03  1.1215062e-03
  -4.7667073e-03 -3.3314570e-03 -1.2877401e-03  6.4207236e-03
  -3.5859235e-03  4.6832094e-04 -3.8609081e-03  3.0824498e-03
  -6.2594083e-03  7.4774092e-03  7.2845831e-03 -1.3631937e-04
   4.2464170e-03 -3.4640422e-03  5.9126373e-03  1.9386206e-03
   6.2970547e-03 -2.3025721e-04 -2.8862988e-03 -5.6556556e-03
   7.2336080e-03 -1.9976783e-03  3.1061065e-03 -5.4631308e-03
   3.9844457e-03  6.0905023e-03  6.7874244e-03 -6.3852052e-04
   1.4799510e-03 -5.0271098e-03 -7.3051271e-03  5.6057232e-03
   1.3557116e-03  3.7247842e-06  8.0996525e-04  1.2444337e-03
   6.7129163e-03  4.6154135e-03  4.1320557e-03 -3.8813155e-06
   5.0759357e-03  1.6130706e-03 -1.6746295e-03  4.1579125e-03]
 [ 7.0443633e-03  3.6719085e-03  3.3938256e-03  6.3454290e-03
   4.6107685e-03  4.0633520e-03  7.4467934e-03 -4.6924478e-03
   5.2924016e-03 -2.5266467e-03  4.0620640e-03  1.6058622e-04
   6.2740990e-03  5.9746602e-03  5.3432612e-03 -4.8695221e-03
   5.8793630e-03  2.3212980e-03 -5.9955246e-03  4.2086216e-03
   4.9445312e-03  1.0238693e-03  6.9398340e-03 -5.6335670e-03
  -1.3076710e-03 -8.7882520e-04  4.4787196e-03 -3.6880511e-03
   3.1935849e-04  5.1681320e-03 -1.4699115e-03 -2.1140247e-03
   2.3119156e-03  5.4396112e-03 -6.1677201e-03 -4.4760853e-03
  -5.9062400e-04  5.0521819e-03 -6.1821789e-03 -1.2455909e-03
   5.6089251e-03  1.8797315e-03  3.2038346e-03 -6.3126576e-03
   6.4612837e-03 -4.1766884e-03  3.3040904e-03 -2.3752032e-03
  -3.3242162e-03  2.9006456e-03 -6.5061999e-03  1.4853985e-03
  -7.2901365e-03  4.6540024e-03 -6.3553872e-03 -7.2782720e-03
  -4.5344564e-03  2.5913416e-04  2.2567720e-03  2.1169137e-03
  -5.2231993e-03  4.9815117e-04 -2.4223605e-03  2.8613023e-03]
 [-5.3431690e-03 -5.9121009e-03  1.4879756e-03 -5.1436468e-04
  -2.6632403e-03 -6.0051219e-03  6.0791536e-03  2.7245800e-03
   2.4577503e-03  8.4967958e-04 -6.9567747e-03  6.3258321e-03
  -6.7371489e-03 -7.7506057e-03 -7.7918428e-03 -5.6009976e-05
  -2.6392033e-03  6.1244573e-03 -2.5604991e-03 -4.7128494e-03
   6.9156121e-03  1.7974072e-04  5.8596944e-03 -7.0859026e-03
   4.3878811e-03 -3.0732807e-04  7.5579304e-03  4.9436637e-03
  -2.7728968e-04  4.8068273e-03  2.2406376e-03  5.7344534e-03
   4.9576201e-03  7.6807467e-03 -3.4517702e-03  3.7412429e-03
   2.1809805e-03 -1.5839243e-03  5.7201576e-04 -5.9445179e-03
   8.1675756e-04 -1.3612943e-03  5.1662037e-03 -7.4754073e-04
  -1.5090244e-03  3.3140832e-03  6.9316966e-03 -6.0893465e-03
   7.2900387e-03  7.1276869e-03 -6.0530179e-03  2.0546968e-04
   2.8610688e-03  7.1380951e-04 -4.4857459e-03 -2.3628271e-03
   4.7896006e-03 -4.6105837e-03 -6.2975078e-03  7.5234068e-03
   5.6902654e-03  7.4897772e-03  1.2893528e-03 -1.0698044e-03]
 [ 1.4045733e-03 -1.0051390e-03 -3.9806552e-03  6.3566468e-03
   6.0836612e-03 -4.9849837e-03 -6.4200271e-05  5.2255187e-03
   3.0054098e-03  3.4137359e-03  2.6875811e-03  5.4569831e-03
   1.1303175e-04  3.3853236e-03  6.0548559e-03  5.8944891e-03
   2.2733160e-03 -4.8108271e-04 -7.9805648e-04 -4.1434853e-03
   3.0633514e-03 -1.1744463e-03 -2.3145147e-03  7.4249287e-03
  -3.6596409e-03  8.7787188e-04 -6.9426233e-03  2.0203523e-03
   1.5183846e-06  6.7540905e-03  7.2234492e-03 -1.1534007e-03
   9.0798934e-04  6.6140257e-03  3.7544561e-03  6.4645242e-03
  -1.1840510e-03  6.7460691e-03  6.7891385e-03  5.1158587e-03
  -5.9282812e-03  1.7229741e-03  6.4428723e-03  5.2009975e-03
   3.6269601e-03  1.1895213e-03 -3.0386529e-03  4.1019772e-03
   6.4665661e-04  4.9567637e-03 -3.6913722e-03  4.2066337e-03
   3.0816377e-03 -3.2395867e-03 -5.3057340e-03  2.3332969e-03
   7.2681918e-03 -6.0544955e-03  5.6286864e-03 -6.6193491e-03
   2.1185863e-03  1.0871333e-03  4.5030601e-03 -6.1092721e-03]
 [-3.7465538e-03  3.5704160e-03 -1.6967448e-03 -6.5392721e-03
   1.9260864e-03 -7.2757802e-03 -2.2287706e-03 -6.3484600e-03
  -6.1751665e-03  9.0482499e-06 -5.3954818e-03 -2.9720454e-03
   6.6658587e-04  7.1169049e-03 -4.4833682e-03  1.5907713e-03
  -6.3624443e-04 -6.6893217e-03  7.4447924e-04  2.4976893e-03
   1.5276227e-03 -1.1504092e-03 -1.3966834e-03  1.8601288e-03
  -4.3870616e-03 -1.8710460e-03  5.7937861e-03  3.4773955e-03
  -3.1576972e-03  5.9316196e-03  2.9549522e-03 -7.0484099e-03
  -5.5799368e-03 -4.4400063e-03 -3.7810104e-03  6.3702422e-03
   2.9202395e-03 -6.2922994e-03 -6.0292860e-03 -9.7787776e-04
  -7.5656045e-03  7.2419401e-03  5.4635503e-04 -4.7515882e-03
  -7.2914334e-03  5.8816336e-03  5.4069236e-03  8.0602698e-04
  -5.7931864e-03 -6.3204300e-03  2.8804615e-03  5.9558460e-03
  -2.8148852e-03  3.9921124e-03 -1.7539090e-03  6.7080338e-03
   4.2566785e-04 -2.2929802e-03 -5.8582681e-03 -7.5967107e-03
  -6.3003507e-03 -6.3218307e-03 -1.5497729e-03  6.2921732e-03]
 [ 2.8343836e-03 -6.3732173e-03  3.5166114e-03 -6.5228282e-03
   6.0651707e-03  3.3963982e-03 -6.6757039e-04 -4.8114229e-03
   5.3473585e-03 -2.3163394e-03 -7.3879389e-03  1.8702794e-03
  -5.7599577e-03  6.8453103e-03 -2.6381453e-03 -2.8324528e-03
  -2.8415599e-03 -3.2351553e-03 -7.4550058e-03  7.5794049e-03
   6.6887131e-03 -6.8053785e-03 -3.3563736e-03 -3.6774564e-03
   7.0889816e-03  3.9830687e-03 -2.0816214e-03  7.3535116e-03
   5.9530939e-05 -5.0406456e-03  6.0904669e-03 -4.3094694e-04
  -5.9645157e-04 -4.7829100e-03  1.7985386e-03 -7.6963417e-03
   6.5337177e-03  4.2209728e-03  4.4174013e-03 -4.8383246e-03
  -2.5403644e-03 -1.4421105e-03  5.2032424e-03  6.0306671e-03
  -2.6114434e-03  6.6790339e-03 -7.3572518e-03  1.7803151e-03
  -5.8092941e-03 -1.1417955e-04  5.9723039e-04 -4.5539071e-03
   5.8140182e-03 -2.1334400e-03  1.6443546e-04 -5.1019248e-03
  -1.1493237e-03  4.9258652e-03 -4.5669926e-03  1.5395799e-03
  -3.0426413e-03  4.8618517e-03  2.9341155e-04  3.0864584e-03]]
